0.000000 
0.031219 
0.057118 
0.073264 
0.076855 
0.067197 
0.045833 
0.016306 
-0.016415 
-0.046755 
-0.069460 
-0.080493 
-0.077736 
-0.061388 
-0.033980 
0.000000 
0.034827 
0.064482 
0.083675 
0.088772 
0.078469 
0.054091 
0.019441 
-0.019764 
-0.056824 
-0.085182 
-0.099562 
-0.096939 
-0.077146 
-0.043016 
0.000000 
0.044681 
0.083229 
0.108615 
0.115839 
0.102895 
0.071247 
0.025714 
-0.026239 
-0.075701 
-0.113830 
-0.133415 
-0.130221 
-0.103859 
-0.058021 
0.000000 
0.060447 
0.112725 
0.147239 
0.157139 
0.139646 
0.096721 
0.034911 
-0.035621 
-0.102743 
-0.154431 
-0.180905 
-0.176455 
-0.140620 
-0.078485 
0.000000 
0.081591 
0.151968 
0.198236 
0.211270 
0.187475 
0.129648 
0.046720 
-0.047591 
-0.137034 
-0.205609 
-0.240420 
-0.234070 
-0.186182 
-0.103714 
-0.000000 
0.107394 
0.199627 
0.259878 
0.276396 
0.244760 
0.168912 
0.060742 
-0.061744 
-0.177410 
-0.265628 
-0.309941 
-0.301114 
-0.238999 
-0.132854 
0.000000 
0.136983 
0.254085 
0.330071 
0.350308 
0.309557 
0.213179 
0.076500 
-0.077599 
-0.222504 
-0.332452 
-0.387111 
-0.375312 
-0.297281 
-0.164914 
-0.000000 
0.169352 
0.313497 
0.406436 
0.430499 
0.379670 
0.260949 
0.093459 
-0.094619 
-0.270783 
-0.403814 
-0.469311 
-0.454146 
-0.359050 
-0.198808 
0.000001 
0.203404 
0.375845 
0.486382 
0.514249 
0.452717 
0.310602 
0.111046 
-0.112227 
-0.320610 
-0.477293 
-0.553753 
-0.534944 
-0.422210 
-0.233387 
0.000000 
0.237986 
0.439014 
0.567199 
0.598717 
0.526224 
0.360452 
0.128663 
-0.129824 
-0.370298 
-0.550396 
-0.637573 
-0.614964 
-0.484620 
-0.267474 
-0.000001 
0.271921 
0.500865 
0.646143 
0.681037 
0.597697 
0.408808 
0.145711 
-0.146813 
-0.418155 
-0.620646 
-0.717927 
-0.691491 
-0.544161 
-0.299919 
-0.000002 
0.304062 
0.559295 
0.720536 
0.758417 
0.664708 
0.454035 
0.161618 
-0.162622 
-0.462565 
-0.685655 
-0.792091 
-0.761930 
-0.598818 
-0.329615 
0.000000 
0.333312 
0.612326 
0.787857 
0.828233 
0.724987 
0.494591 
0.175833 
-0.176705 
-0.502020 
-0.743224 
-0.857547 
-0.823891 
-0.646730 
-0.355563 
0.000002 
0.358688 
0.658153 
0.845821 
0.888116 
0.776492 
0.529103 
0.187881 
-0.188598 
-0.535173 
-0.791398 
-0.912076 
-0.875274 
-0.686275 
-0.376873 
-0.000002 
0.379326 
0.695231 
0.892460 
0.936035 
0.817469 
0.556406 
0.197360 
-0.197890 
-0.560913 
-0.828538 
-0.953829 
-0.914334 
-0.716117 
-0.392826 
0.000000 
0.394517 
0.722297 
0.926196 
0.970365 
0.846532 
0.575565 
0.203934 
-0.204259 
-0.578360 
-0.853391 
-0.981388 
-0.939746 
-0.735233 
-0.402888 
0.000003 
0.403761 
0.738428 
0.945882 
0.989940 
0.862699 
0.585939 
0.207387 
-0.207503 
-0.586916 
-0.865113 
-0.993819 
-0.950651 
-0.742981 
-0.406705 
-0.000002 
0.406736 
0.743087 
0.950849 
0.994096 
0.865413 
0.587166 
0.207609 
-0.207505 
-0.586304 
-0.863299 
-0.990701 
-0.946675 
-0.739102 
-0.404153 
0.000000 
0.403335 
0.736111 
0.940932 
0.982695 
0.854587 
0.579210 
0.204578 
-0.204259 
-0.576537 
-0.848021 
-0.972138 
-0.927954 
-0.723719 
-0.395327 
0.000003 
0.393687 
0.717731 
0.916465 
0.956120 
0.830591 
0.562346 
0.198405 
-0.197887 
-0.557942 
-0.819792 
-0.938762 
-0.895127 
-0.697357 
-0.380512 
-0.000002 
0.378113 
0.688581 
0.878277 
0.915275 
0.794232 
0.537129 
0.189306 
-0.188600 
-0.531166 
-0.779567 
-0.891703 
-0.849299 
-0.660916 
-0.360218 
-0.000006 
0.357134 
0.649645 
0.827665 
0.861545 
0.746747 
0.504443 
0.177575 
-0.176712 
-0.497091 
-0.728716 
-0.832559 
-0.792037 
-0.615622 
-0.335132 
-0.000004 
0.331474 
0.602243 
0.766348 
0.796751 
0.689746 
0.465368 
0.163618 
-0.162626 
-0.456898 
-0.668962 
-0.763335 
-0.725272 
-0.563017 
-0.306117 
-0.000002 
0.301998 
0.547976 
0.696403 
0.723093 
0.625170 
0.421243 
0.147908 
-0.146810 
-0.411940 
-0.602330 
-0.686379 
-0.651272 
-0.504886 
-0.274135 
0.000000 
0.269705 
0.488700 
0.620203 
0.643068 
0.555197 
0.373562 
0.130977 
-0.129821 
-0.363742 
-0.531082 
-0.604303 
-0.572549 
-0.443206 
-0.240282 
0.000002 
0.235683 
0.426417 
0.540334 
0.559392 
0.482206 
0.323944 
0.113410 
-0.112226 
-0.313940 
-0.457630 
-0.519890 
-0.491773 
-0.380056 
-0.205706 
0.000003 
0.201103 
0.363241 
0.459503 
0.474902 
0.408673 
0.274072 
0.095783 
-0.094620 
-0.264222 
-0.384474 
-0.436003 
-0.411683 
-0.317586 
-0.171581 
-0.000003 
0.167128 
0.301314 
0.380451 
0.392464 
0.337094 
0.225642 
0.078704 
-0.077601 
-0.216270 
-0.314092 
-0.355488 
-0.334998 
-0.257914 
-0.139064 
-0.000002 
0.134912 
0.242737 
0.305864 
0.314876 
0.269894 
0.180287 
0.062753 
-0.061746 
-0.171722 
-0.248870 
-0.281077 
-0.264316 
-0.203065 
-0.109261 
-0.000001 
0.105546 
0.189495 
0.238270 
0.244768 
0.209358 
0.139551 
0.048471 
-0.047590 
-0.132082 
-0.191021 
-0.215292 
-0.202036 
-0.154899 
-0.083176 
0.000000 
0.080028 
0.143398 
0.179961 
0.184519 
0.157532 
0.104815 
0.036341 
-0.035620 
-0.098696 
-0.142507 
-0.160366 
-0.150271 
-0.115052 
-0.061697 
0.000000 
0.059221 
0.106009 
0.132916 
0.136173 
0.116178 
0.077258 
0.026778 
-0.026239 
-0.072695 
-0.104973 
-0.118163 
-0.110776 
-0.084871 
-0.045553 
0.000001 
0.043835 
0.078594 
0.098730 
0.101369 
0.086698 
0.057814 
0.020100 
-0.019764 
-0.054963 
-0.079695 
-0.090112 
-0.084892 
-0.065383 
-0.035292 
-0.000001 
0.034389 
0.062085 
0.078562 
0.081288 
0.070093 
0.047144 
0.016538 
-0.016415 
-0.046099 
-0.067529 
-0.077167 
-0.073496 
-0.057247 
-0.031261 
-0.000000 
0.031205 
