0.000000 
0.406737 
0.743145 
0.951057 
0.994522 
0.866025 
0.587785 
0.207912 
-0.207912 
-0.587785 
-0.866025 
-0.994522 
-0.951056 
-0.743145 
-0.406736 
0.000000 
0.406737 
0.743145 
0.951057 
0.994522 
0.866025 
0.587785 
0.207911 
-0.207911 
-0.587785 
-0.866025 
-0.994522 
-0.951057 
-0.743145 
-0.406737 
0.000000 
0.406737 
0.743145 
0.951056 
0.994522 
0.866025 
0.587785 
0.207912 
-0.207912 
-0.587786 
-0.866026 
-0.994522 
-0.951057 
-0.743145 
-0.406736 
0.000000 
0.406736 
0.743144 
0.951057 
0.994522 
0.866026 
0.587786 
0.207911 
-0.207912 
-0.587785 
-0.866025 
-0.994522 
-0.951056 
-0.743145 
-0.406737 
0.000001 
0.406737 
0.743145 
0.951056 
0.994522 
0.866025 
0.587785 
0.207912 
-0.207912 
-0.587786 
-0.866025 
-0.994522 
-0.951056 
-0.743145 
-0.406737 
-0.000001 
0.406737 
0.743145 
0.951057 
0.994522 
0.866025 
0.587786 
0.207912 
-0.207913 
-0.587785 
-0.866026 
-0.994522 
-0.951057 
-0.743144 
-0.406738 
0.000000 
0.406738 
0.743144 
0.951057 
0.994522 
0.866026 
0.587784 
0.207913 
-0.207912 
-0.587787 
-0.866025 
-0.994522 
-0.951057 
-0.743145 
-0.406736 
-0.000001 
0.406737 
0.743146 
0.951056 
0.994522 
0.866026 
0.587785 
0.207910 
-0.207911 
-0.587786 
-0.866026 
-0.994522 
-0.951056 
-0.743146 
-0.406737 
0.000001 
0.406736 
0.743145 
0.951056 
0.994522 
0.866025 
0.587786 
0.207912 
-0.207913 
-0.587785 
-0.866026 
-0.994522 
-0.951057 
-0.743144 
-0.406738 
0.000000 
0.406738 
0.743144 
0.951057 
0.994522 
0.866026 
0.587784 
0.207913 
-0.207912 
-0.587787 
-0.866025 
-0.994522 
-0.951057 
-0.743145 
-0.406735 
-0.000001 
0.406737 
0.743146 
0.951057 
0.994522 
0.866026 
0.587782 
0.207910 
-0.207911 
-0.587783 
-0.866026 
-0.994522 
-0.951057 
-0.743143 
-0.406737 
-0.000002 
0.406739 
0.743145 
0.951056 
0.994522 
0.866025 
0.587786 
0.207915 
-0.207913 
-0.587785 
-0.866024 
-0.994522 
-0.951057 
-0.743147 
-0.406734 
0.000000 
0.406735 
0.743147 
0.951057 
0.994522 
0.866024 
0.587784 
0.207913 
-0.207908 
-0.587787 
-0.866025 
-0.994522 
-0.951056 
-0.743145 
-0.406739 
0.000003 
0.406737 
0.743143 
0.951058 
0.994522 
0.866026 
0.587782 
0.207910 
-0.207911 
-0.587783 
-0.866026 
-0.994522 
-0.951057 
-0.743143 
-0.406737 
-0.000002 
0.406739 
0.743145 
0.951056 
0.994522 
0.866025 
0.587786 
0.207915 
-0.207913 
-0.587785 
-0.866024 
-0.994522 
-0.951057 
-0.743147 
-0.406734 
0.000000 
0.406735 
0.743147 
0.951057 
0.994522 
0.866024 
0.587784 
0.207913 
-0.207908 
-0.587787 
-0.866025 
-0.994522 
-0.951056 
-0.743145 
-0.406739 
0.000003 
0.406737 
0.743143 
0.951058 
0.994522 
0.866026 
0.587788 
0.207910 
-0.207911 
-0.587783 
-0.866026 
-0.994522 
-0.951057 
-0.743143 
-0.406737 
-0.000002 
0.406739 
0.743145 
0.951056 
0.994522 
0.866025 
0.587786 
0.207915 
-0.207913 
-0.587785 
-0.866024 
-0.994522 
-0.951057 
-0.743147 
-0.406734 
0.000000 
0.406735 
0.743147 
0.951057 
0.994522 
0.866024 
0.587784 
0.207913 
-0.207908 
-0.587787 
-0.866025 
-0.994522 
-0.951056 
-0.743145 
-0.406739 
0.000003 
0.406737 
0.743144 
0.951058 
0.994522 
0.866026 
0.587788 
0.207910 
-0.207911 
-0.587783 
-0.866026 
-0.994522 
-0.951057 
-0.743143 
-0.406737 
-0.000002 
0.406739 
0.743145 
0.951056 
0.994521 
0.866025 
0.587780 
0.207915 
-0.207913 
-0.587791 
-0.866024 
-0.994522 
-0.951054 
-0.743147 
-0.406734 
-0.000007 
0.406735 
0.743147 
0.951054 
0.994522 
0.866024 
0.587790 
0.207913 
-0.207916 
-0.587781 
-0.866025 
-0.994522 
-0.951058 
-0.743145 
-0.406732 
-0.000005 
0.406737 
0.743149 
0.951055 
0.994522 
0.866022 
0.587788 
0.207910 
-0.207918 
-0.587783 
-0.866026 
-0.994523 
-0.951057 
-0.743143 
-0.406743 
-0.000002 
0.406739 
0.743140 
0.951056 
0.994521 
0.866029 
0.587786 
0.207908 
-0.207906 
-0.587785 
-0.866028 
-0.994521 
-0.951057 
-0.743141 
-0.406741 
0.000000 
0.406742 
0.743142 
0.951057 
0.994521 
0.866027 
0.587784 
0.207905 
-0.207908 
-0.587787 
-0.866029 
-0.994522 
-0.951056 
-0.743150 
-0.406739 
0.000003 
0.406730 
0.743144 
0.951058 
0.994523 
0.866026 
0.587782 
0.207918 
-0.207911 
-0.587789 
-0.866023 
-0.994522 
-0.951055 
-0.743148 
-0.406736 
0.000005 
0.406733 
0.743145 
0.951058 
0.994522 
0.866025 
0.587780 
0.207915 
-0.207913 
-0.587791 
-0.866024 
-0.994522 
-0.951054 
-0.743146 
-0.406734 
-0.000007 
0.406735 
0.743147 
0.951054 
0.994522 
0.866023 
0.587790 
0.207913 
-0.207916 
-0.587781 
-0.866025 
-0.994522 
-0.951058 
-0.743145 
-0.406732 
-0.000005 
0.406737 
0.743149 
0.951055 
0.994522 
0.866022 
0.587788 
0.207910 
-0.207918 
-0.587783 
-0.866026 
-0.994523 
-0.951057 
-0.743143 
-0.406743 
-0.000002 
0.406740 
0.743140 
0.951056 
0.994521 
0.866029 
0.587786 
0.207908 
-0.207906 
-0.587785 
-0.866028 
-0.994521 
-0.951057 
-0.743141 
-0.406741 
0.000000 
0.406742 
0.743142 
0.951057 
0.994521 
0.866027 
0.587784 
0.207905 
-0.207909 
-0.587787 
-0.866029 
-0.994522 
-0.951056 
-0.743150 
-0.406739 
0.000003 
0.406730 
0.743144 
0.951058 
0.994523 
0.866026 
0.587782 
0.207917 
-0.207911 
-0.587789 
-0.866023 
-0.994522 
-0.951055 
-0.743148 
-0.406736 
0.000006 
0.406733 
0.743145 
0.951058 
0.994522 
0.866025 
0.587780 
0.207915 
-0.207914 
-0.587791 
-0.866024 
-0.994522 
-0.951059 
-0.743146 
-0.406734 
-0.000007 
0.406735 
0.743147 
0.951054 
0.994522 
0.866023 
0.587790 
0.207912 
-0.207916 
-0.587781 
-0.866025 
-0.994522 
-0.951058 
-0.743145 
-0.406732 
-0.000005 
0.406737 
